3.225404739379882812e+00
inf
inf
inf
inf
inf
inf
inf
inf
inf
inf
inf
inf
inf
inf
2.763127565383911133e+00
1.743351340293884277e+00
1.694690227508544922e+00
1.684091925621032715e+00
1.647907972335815430e+00
1.661338686943054199e+00
1.669201135635375977e+00
1.680570125579833984e+00
1.688239455223083496e+00
1.662477254867553711e+00
6.818518638610839844e-01
6.518485546112060547e-01
6.373746395111083984e-01
6.360420584678649902e-01
6.244838833808898926e-01
5.999552607536315918e-01
6.181941628456115723e-01
6.144089102745056152e-01
6.151109933853149414e-01
6.112444400787353516e-01
6.031687259674072266e-01
5.879809260368347168e-01
6.000990867614746094e-01
6.143731474876403809e-01
5.965940952301025391e-01
6.188783645629882812e-01
6.072373390197753906e-01
6.221842169761657715e-01
6.312681436538696289e-01
6.439244747161865234e-01
6.626971364021301270e-01
6.869263648986816406e-01
2.133676767349243164e+00
2.139371156692504883e+00
2.112686157226562500e+00
2.123682737350463867e+00
2.165233850479125977e+00
2.199767112731933594e+00
inf
inf
inf
inf
inf
inf
inf
inf
inf
inf
2.983796358108520508e+00
2.946306705474853516e+00
2.923621892929077148e+00
2.925926923751831055e+00
2.998391628265380859e+00
inf
inf
1.496034502983093262e+00
1.450541138648986816e+00
1.438207626342773438e+00
1.421962261199951172e+00
1.424778461456298828e+00
1.421244740486145020e+00
1.438423752784729004e+00
1.439826846122741699e+00
1.448117613792419434e+00
1.469002246856689453e+00
1.500765919685363770e+00
inf
2.537602663040161133e+00
2.505594015121459961e+00
2.472321748733520508e+00
2.462862491607666016e+00
2.461249113082885742e+00
2.462666034698486328e+00
2.501030921936035156e+00
inf
inf
inf
inf
inf
3.454778432846069336e+00
3.434046268463134766e+00
3.425979137420654297e+00
3.432836532592773438e+00
3.425196886062622070e+00
3.429694652557373047e+00
3.417356729507446289e+00
3.368537902832031250e+00
3.265631914138793945e+00
3.110659360885620117e+00
3.066988468170166016e+00
3.011876344680786133e+00
2.934421300888061523e+00
2.861659288406372070e+00
2.760903120040893555e+00
2.705518722534179688e+00
2.677247762680053711e+00
2.632136344909667969e+00
2.545116901397705078e+00
2.525212049484252930e+00
2.487694740295410156e+00
2.417896032333374023e+00
2.392618894577026367e+00
2.351847410202026367e+00
2.303998708724975586e+00
2.276570081710815430e+00
2.247080802917480469e+00
2.211658716201782227e+00
2.160908937454223633e+00
2.134332656860351562e+00
2.126009702682495117e+00
2.104115247726440430e+00
2.077539920806884766e+00
2.051448583602905273e+00
2.010062932968139648e+00
1.987833976745605469e+00
1.977174758911132812e+00
1.958551049232482910e+00
1.941354036331176758e+00
1.923939466476440430e+00
1.914105534553527832e+00
1.877685785293579102e+00
1.857667922973632812e+00
1.880865693092346191e+00
1.847115874290466309e+00
1.851135849952697754e+00
1.727358222007751465e+00
1.558429121971130371e+00
1.407723784446716309e+00
1.284540295600891113e+00
1.191291213035583496e+00
1.138628602027893066e+00
1.058829545974731445e+00
1.016184568405151367e+00
9.651967883110046387e-01
8.621508479118347168e-01
8.517371416091918945e-01
8.027558326721191406e-01
7.696112990379333496e-01
7.357738018035888672e-01
6.973108649253845215e-01
6.984683871269226074e-01
6.791194677352905273e-01
6.402796506881713867e-01
6.195702552795410156e-01
5.906208753585815430e-01
5.743857622146606445e-01
5.617471933364868164e-01
5.783119797706604004e-01
5.372060537338256836e-01
5.140095353126525879e-01
5.088582634925842285e-01
4.826492965221405029e-01
4.810822308063507080e-01
4.798930287361145020e-01
4.480599462985992432e-01
4.476370513439178467e-01
4.390480518341064453e-01
4.413925111293792725e-01
4.338304400444030762e-01
4.095686376094818115e-01
4.170678257942199707e-01
4.069366455078125000e-01
4.003632068634033203e-01
3.856104314327239990e-01
3.916262686252593994e-01
3.834650218486785889e-01
3.568015694618225098e-01
3.624913990497589111e-01
3.607723116874694824e-01
3.633431792259216309e-01
3.419940173625946045e-01
3.379094898700714111e-01
3.546680808067321777e-01
3.503247797489166260e-01
3.425648510456085205e-01
3.470202684402465820e-01
3.298985064029693604e-01
3.357397615909576416e-01
3.293960988521575928e-01
3.241974711418151855e-01
3.314209282398223877e-01
3.051972091197967529e-01
3.004919886589050293e-01
3.317653536796569824e-01
3.017664253711700439e-01
3.136043846607208252e-01
3.116824924945831299e-01
3.087265491485595703e-01
3.073212504386901855e-01
2.933326661586761475e-01
3.061847686767578125e-01
2.976140081882476807e-01
3.113449215888977051e-01
3.038955628871917725e-01
2.829874455928802490e-01
2.961669862270355225e-01
2.815504074096679688e-01
2.835803627967834473e-01
3.054164052009582520e-01
2.961046993732452393e-01
2.661764323711395264e-01
2.892207205295562744e-01
2.949998974800109863e-01
3.181848227977752686e-01
3.054669499397277832e-01
2.747016847133636475e-01
2.832226455211639404e-01
2.746689915657043457e-01
2.817483544349670410e-01
2.787878513336181641e-01
2.934066653251647949e-01
2.919370830059051514e-01
2.934010922908782959e-01
2.866368293762207031e-01
3.023063242435455322e-01
3.084738254547119141e-01
2.957769036293029785e-01
2.943886220455169678e-01
2.834868431091308594e-01
3.089271485805511475e-01
2.958021461963653564e-01
2.976972758769989014e-01
3.060778379440307617e-01
3.023905158042907715e-01
3.128246068954467773e-01
3.070580661296844482e-01
3.116882741451263428e-01
3.092443645000457764e-01
3.091334402561187744e-01
3.199284970760345459e-01
3.191806077957153320e-01
3.296989798545837402e-01
3.252753019332885742e-01
3.157801926136016846e-01
3.176999092102050781e-01
3.438164591789245605e-01
3.380585610866546631e-01
3.464090824127197266e-01
3.383919894695281982e-01
3.660131096839904785e-01
3.532828986644744873e-01
3.629527390003204346e-01
3.655541837215423584e-01
3.746704757213592529e-01
3.815378546714782715e-01
3.848436474800109863e-01
3.911652863025665283e-01
3.983550667762756348e-01
3.981301486492156982e-01
3.910056650638580322e-01
4.092022776603698730e-01
4.155295789241790771e-01
4.164329171180725098e-01
4.294331073760986328e-01
4.330071210861206055e-01
4.586223959922790527e-01
4.667893648147583008e-01
4.651173353195190430e-01
4.861860573291778564e-01
4.913353025913238525e-01
4.921435415744781494e-01
5.487913489341735840e-01
5.357498526573181152e-01
5.442760586738586426e-01
5.520503520965576172e-01
5.904826521873474121e-01
5.723420381546020508e-01
5.883016586303710938e-01
5.904421210289001465e-01
5.840605497360229492e-01
5.821611285209655762e-01
5.695357322692871094e-01
5.885757207870483398e-01
5.802988409996032715e-01
5.713270902633666992e-01
5.969611406326293945e-01
6.079380512237548828e-01
5.969084501266479492e-01
6.034789085388183594e-01
6.116151809692382812e-01
6.081625223159790039e-01
6.167287230491638184e-01
5.965065956115722656e-01
6.334683299064636230e-01
6.249318122863769531e-01
6.188476681709289551e-01
6.296319365501403809e-01
6.386032104492187500e-01
6.390543580055236816e-01
6.459348201751708984e-01
6.530714631080627441e-01
6.311895251274108887e-01
6.551044583320617676e-01
6.338422298431396484e-01
6.639916896820068359e-01
6.671281456947326660e-01
6.862101554870605469e-01
6.899719834327697754e-01
1.353337526321411133e+00
1.354654669761657715e+00
1.382643103599548340e+00
1.361593961715698242e+00
1.428267955780029297e+00
1.434024691581726074e+00
1.441047549247741699e+00
1.471014499664306641e+00
1.494635462760925293e+00
1.521389245986938477e+00
1.535900831222534180e+00
1.572126150131225586e+00
1.589664936065673828e+00
1.626857280731201172e+00
1.645139098167419434e+00
1.695842742919921875e+00
1.705640554428100586e+00
1.765002727508544922e+00
1.794955372810363770e+00
1.850283861160278320e+00
1.876968860626220703e+00
1.912560343742370605e+00
1.970935225486755371e+00
2.030066967010498047e+00
2.068307399749755859e+00
2.162333011627197266e+00
2.200373172760009766e+00
2.256118297576904297e+00
2.313497066497802734e+00
2.430317401885986328e+00
2.508862495422363281e+00
2.592571973800659180e+00
2.683858871459960938e+00
2.743783235549926758e+00
2.952395200729370117e+00
3.059242963790893555e+00
3.081686496734619141e+00
3.090384483337402344e+00
3.093480825424194336e+00
3.110534667968750000e+00
3.119006156921386719e+00
3.126610040664672852e+00
3.141137123107910156e+00
3.160960674285888672e+00
3.199348211288452148e+00
3.188357591629028320e+00
3.219440221786499023e+00
